0 0 1200
1 0 300
2 0 300
3 0 300
4 0 300
5 0 300
6 0 300
7 0 300
8 0 300
9 0 300
10 0 300
11 0 300
12 0 300
13 0 300
14 0 300
15 0 300
16 0 300
17 0 300
18 0 300
19 0 300
20 0 300
21 0 300
22 0 300
23 0 300
24 0 300
25 0 300
26 0 300
27 0 300
28 0 300
29 0 300
30 0 300
31 0 300
32 0 300
33 0 300
34 0 300
35 0 300
36 0 300
37 0 300
38 0 300
39 0 300
40 0 300
41 0 300
42 0 300
43 0 300
44 0 300
45 0 300
46 0 300
47 0 300
48 0 300
49 0 300
50 0 300
51 0 300
52 0 300
53 0 300
54 0 300
55 0 300
56 0 300
57 0 300
58 0 300
59 0 300
60 0 300
61 0 300
62 0 300
63 0 300
64 0 300
65 0 300
66 0 300
67 0 300
68 0 300
69 0 300
70 0 300
71 0 300
72 0 300
73 0 300
74 0 300
75 0 300
76 0 300
77 0 300
78 0 300
79 0 300
80 0 300
81 0 300
82 0 300
83 0 300
84 0 300
85 0 300
86 0 300
87 0 300
88 0 300
89 0 300
90 0 300
91 0 300
92 0 300
93 0 300
94 0 300
95 0 300
96 0 300
97 0 300
98 0 300
99 0 70
0 1 1200
1 1 300
2 1 300
3 1 300
4 1 300
5 1 300
6 1 300
7 1 300
8 1 300
9 1 300
10 1 300
11 1 300
12 1 300
13 1 300
14 1 300
15 1 300
16 1 300
17 1 300
18 1 300
19 1 300
20 1 300
21 1 300
22 1 300
23 1 300
24 1 300
25 1 300
26 1 300
27 1 300
28 1 300
29 1 300
30 1 300
31 1 300
32 1 300
33 1 300
34 1 300
35 1 300
36 1 300
37 1 300
38 1 300
39 1 300
40 1 300
41 1 300
42 1 300
43 1 300
44 1 300
45 1 300
46 1 300
47 1 300
48 1 300
49 1 300
50 1 300
51 1 300
52 1 300
53 1 300
54 1 300
55 1 300
56 1 300
57 1 300
58 1 300
59 1 300
60 1 300
61 1 300
62 1 300
63 1 300
64 1 300
65 1 300
66 1 300
67 1 300
68 1 300
69 1 300
70 1 300
71 1 300
72 1 300
73 1 300
74 1 300
75 1 300
76 1 300
77 1 300
78 1 300
79 1 300
80 1 300
81 1 300
82 1 300
83 1 300
84 1 300
85 1 300
86 1 300
87 1 300
88 1 300
89 1 300
90 1 300
91 1 300
92 1 300
93 1 300
94 1 300
95 1 300
96 1 300
97 1 300
98 1 300
99 1 70
